349522657
280607703
465782293
297221935
283336909
283402057
288927513
313556427
2667925456
297906802
297164004
709812788
298714808
1130142614
690563065
279230726
290683189
943700520
1027904683
278795118
928491686
300781420
542408560
313323936
909182254
289235363
276837718
417332767
286572544
82281991619
623480347
302070402
278771443
290491071
382823677
302592289
291442329
290491072
278731397
303073981
182708888
278152163
296709350
107120619
61326247900
6978127273
274776405
673718693
279230577
299045246
397581455
291481551
290399651
541393126
298851052
2452127758
286577645
300589755
296176383
358768111
278170252
275237188
461415743
291656095
742248911
294335843
279135378
297333568
302565624
924713156
298659944
523491469
296878957
402977363
296293292
9093919799
296636271
349522657
2428338352
525115328
288920555
595903139
199143464
1349271069
303666105
294113586
344043541
313323960
293123231
283361926
291487001
285391601
285982537
276149638
293248433
289365169
300304235
295042447
602765685
827201299
6596314306
1424318740
344858177
1828776000
2430906624
278771770
391736711
277004752
383392045
279133789
297503241
467838687
275254267
1359470101
704539989
123720714
529389662
298795863
286976342
2295632380
1606707434
164535414
298580636
301655093
294047447
302774195
284559924
278746069
411810237
202543010
109817708
694879467
393485439
443973472
1750332437
284544538
610207616
847227027
302070506
251751454
275198094
294964081
302908887
6512772474
342388774
277974521
274909002
275253862
316693851
313351292
149584439
296129856
624974991
291588428
290394352
961140602
1545157638
278910480
1554457154
283702798
393423487
812550722
279164915
283320832
285390393
82118644998
380918964
315264858
543811379
313485836
301468221
286971272
278865703
609907659
970050578
105712265
313331758
569966476
297873334
284109199
289233883
274900613
646193743
9562942464
175346464
408010493
434943870
296698765
197301304
315312536
228764668
288383922
299233132
584788643
402977363
646193743
380918964
2452127758
465782293
277004752
123720714
541393126
298580636
595903139
285982537
280607703
298659944
278746069
1424318740
609907659
278795118
294964081
2430906624
296176383
610207616
288920555
313351292
301468221
382823677
543811379
294113586
105712265
709812788
313556427
276149638
316693851
61326247900
1130142614
290491071
175346464
291656095
1027904683
164535414
961140602
584788643
149584439
301655093
298851052
279230577
277974521
690563065
182708888
847227027
199143464
417332767
294335843
2295632380
296709350
298714808
1545157638
812550722
228764668
296293292
297164004
278731397
283702798
529389662
467838687
296698765
278910480
283402057
296878957
290683189
290399651
313323936
294047447
279230726
289233883
290491072
286976342
82118644998
624974991
1828776000
9093919799
284109199
291442329
344043541
970050578
300589755
673718693
1606707434
289365169
296636271
276837718
274900613
2667925456
924713156
288927513
313323960
297221935
291588428
279164915
411810237
275253862
525115328
694879467
393485439
278771770
383392045
286572544
302070506
313485836
275254267
1349271069
623480347
742248911
293248433
397581455
291487001
909182254
315312536
297906802
286577645
391736711
278170252
279133789
704539989
299233132
2428338352
303073981
283336909
408010493
342388774
285391601
299045246
82281991619
297873334
302774195
1554457154
297333568
344858177
300781420
291481551
602765685
293123231
298795863
285390393
278865703
295042447
434943870
279135378
197301304
275237188
9562942464
278771443
6596314306
286971272
943700520
275198094
284559924
523491469
315264858
302592289
6512772474
296129856
274909002
827201299
297503241
300304235
542408560
569966476
202543010
303666105
393423487
302070402
313331758
284544538
6978127273
251751454
1359470101
461415743
288383922
109817708
290394352
302908887
283320832
1750332437
302565624
283361926
107120619
349522657
289235363
278152163
274776405
358768111
928491686
443973472
123720714
297333568
1349271069
1359470101
291656095
2428338352
316693851
344043541
299233132
275254267
391736711
408010493
277004752
294047447
417332767
302908887
286971272
393423487
289365169
6512772474
289233883
301655093
523491469
2452127758
302070506
344858177
6978127273
296176383
595903139
694879467
288927513
2430906624
298714808
928491686
315312536
302592289
284109199
109817708
411810237
290491072
301468221
290683189
175346464
2295632380
1130142614
294964081
297873334
303073981
298795863
610207616
529389662
742248911
286976342
297164004
1545157638
285390393
283702798
924713156
1828776000
290394352
315264858
298580636
393485439
299045246
673718693
285982537
909182254
313331758
349522657
970050578
380918964
584788643
704539989
624974991
291442329
434943870
1750332437
313485836
297906802
164535414
288383922
402977363
298851052
286572544
690563065
313556427
709812788
278910480
2667925456
646193743
1554457154
313323960
298659944
300589755
276837718
274900613
278865703
295042447
182708888
82281991619
296636271
288920555
542408560
443973472
297503241
383392045
279133789
283336909
812550722
1424318740
291588428
107120619
283402057
289235363
197301304
300304235
278170252
280607703
296129856
303666105
283361926
1027904683
302070402
296293292
293123231
291481551
313323936
382823677
279135378
278746069
284544538
278771770
278771443
61326247900
286577645
342388774
228764668
279230577
285391601
525115328
105712265
397581455
294113586
569966476
149584439
465782293
279164915
290491071
302565624
275253862
251751454
278152163
274909002
296709350
293248433
6596314306
543811379
278795118
278731397
291487001
623480347
82118644998
358768111
296698765
847227027
283320832
467838687
1606707434
290399651
9562942464
602765685
279230726
297221935
461415743
943700520
274776405
275198094
296878957
300781420
313351292
276149638
202543010
275237188
609907659
294335843
961140602
302774195
199143464
541393126
827201299
284559924
9093919799
277974521
295042447
285390393
313331758
290399651
302592289
289365169
297333568
293123231
313351292
286577645
279135378
1545157638
278771770
344858177
943700520
284559924
704539989
961140602
316693851
296176383
297503241
274776405
61326247900
285982537
300781420
742248911
251751454
278746069
296636271
1750332437
393423487
465782293
924713156
302908887
1828776000
277004752
289233883
302070402
411810237
284544538
358768111
149584439
397581455
291588428
2428338352
283336909
1027904683
313323936
280607703
279164915
1424318740
393485439
291481551
279230577
1554457154
298795863
283320832
286572544
279230726
290491071
402977363
315264858
285391601
275253862
286976342
286971272
288927513
970050578
2667925456
609907659
690563065
82118644998
313323960
523491469
296129856
623480347
2295632380
302565624
164535414
342388774
298851052
529389662
302774195
443973472
1359470101
291442329
315312536
349522657
694879467
300589755
294335843
228764668
344043541
383392045
299045246
202543010
279133789
294113586
301655093
303073981
624974991
275254267
928491686
1606707434
278170252
82281991619
278152163
313485836
277974521
525115328
293248433
610207616
283702798
595903139
6978127273
276837718
584788643
9093919799
380918964
290394352
175346464
827201299
602765685
461415743
391736711
847227027
6512772474
291487001
298580636
297873334
382823677
2430906624
278731397
6596314306
296293292
542408560
709812788
290491072
289235363
541393126
288920555
298659944
909182254
297906802
182708888
298714808
288383922
408010493
275237188
278771443
278865703
1130142614
673718693
274900613
291656095
278910480
301468221
297221935
9562942464
290683189
109817708
812550722
284109199
294047447
297164004
2452127758
197301304
417332767
296878957
569966476
296698765
107120619
276149638
543811379
299233132
313556427
283402057
300304235
646193743
123720714
1349271069
302070506
105712265
278795118
199143464
434943870
275198094
274909002
283361926
296709350
303666105
294964081
467838687
290491071
297164004
525115328
584788643
277004752
278170252
290394352
82281991619
297873334
175346464
61326247900
289235363
461415743
443973472
2428338352
827201299
294964081
296709350
408010493
278152163
529389662
293248433
313331758
303666105
602765685
1359470101
297221935
288920555
197301304
646193743
296636271
301655093
9562942464
1606707434
290491072
812550722
298795863
313485836
280607703
283336909
541393126
293123231
296698765
397581455
283702798
278795118
300304235
277974521
278910480
105712265
289365169
1424318740
286971272
315264858
709812788
569966476
228764668
316693851
286577645
278746069
523491469
275198094
297906802
411810237
279164915
299233132
2667925456
313323960
296878957
288383922
299045246
164535414
609907659
276837718
291656095
313351292
2295632380
82118644998
289233883
275253862
543811379
1545157638
284544538
1554457154
467838687
847227027
6596314306
283361926
283320832
313323936
313556427
1828776000
275254267
182708888
302774195
276149638
349522657
286572544
380918964
393423487
694879467
924713156
284109199
6512772474
286976342
107120619
417332767
284559924
970050578
279133789
909182254
928491686
624974991
302592289
274900613
382823677
279230726
742248911
275237188
294047447
302070506
434943870
278771443
274909002
298659944
704539989
295042447
278865703
123720714
291442329
288927513
291588428
315312536
302565624
2430906624
943700520
298580636
290399651
1349271069
298851052
274776405
961140602
402977363
279135378
279230577
285390393
391736711
283402057
278771770
285982537
297503241
690563065
294113586
302070402
294335843
393485439
610207616
302908887
595903139
342388774
344858177
300781420
344043541
383392045
465782293
2452127758
300589755
291481551
301468221
285391601
109817708
278731397
358768111
251751454
297333568
673718693
9093919799
290683189
542408560
298714808
303073981
1130142614
1750332437
296293292
296176383
6978127273
202543010
296129856
149584439
199143464
291487001
1027904683
623480347
344043541
313485836
673718693
297873334
411810237
82118644998
175346464
283702798
296636271
393423487
1424318740
290491072
289365169
278865703
297333568
924713156
274909002
294335843
315312536
291487001
123720714
297221935
1349271069
349522657
543811379
285390393
279164915
313556427
296878957
383392045
279135378
2430906624
1359470101
285982537
278771443
275198094
2428338352
1545157638
313331758
251751454
278795118
623480347
291588428
542408560
1130142614
694879467
298659944
280607703
298714808
970050578
300589755
302070506
602765685
290399651
301655093
278152163
283361926
293123231
298580636
298795863
286577645
909182254
344858177
465782293
284109199
296176383
434943870
303666105
393485439
182708888
382823677
569966476
690563065
461415743
285391601
107120619
277004752
278731397
298851052
624974991
928491686
274776405
290491071
610207616
300781420
302592289
275254267
523491469
342388774
283336909
709812788
297906802
595903139
202543010
279230577
443973472
286971272
302908887
584788643
6978127273
283320832
541393126
105712265
315264858
467838687
109817708
149584439
276837718
358768111
294113586
288927513
2667925456
961140602
275237188
408010493
299045246
291656095
302070402
278910480
164535414
609907659
303073981
2452127758
812550722
286572544
1828776000
288920555
284559924
313351292
278746069
296698765
9093919799
646193743
283402057
402977363
291481551
82281991619
6512772474
704539989
1554457154
275253862
296293292
302565624
302774195
529389662
291442329
297503241
742248911
296129856
278170252
943700520
278771770
294047447
380918964
284544538
1027904683
279133789
277974521
313323936
300304235
827201299
296709350
274900613
293248433
290683189
313323960
9562942464
1606707434
295042447
289233883
2295632380
289235363
6596314306
276149638
288383922
391736711
199143464
397581455
525115328
297164004
299233132
316693851
286976342
1750332437
279230726
847227027
228764668
294964081
61326247900
197301304
301468221
417332767
290394352
313351292
202543010
285390393
299233132
313556427
315264858
465782293
283702798
284109199
380918964
584788643
82281991619
408010493
283320832
298795863
291588428
291656095
294964081
276837718
296698765
107120619
397581455
279133789
1554457154
284559924
299045246
294047447
300589755
300781420
6596314306
2295632380
285982537
296176383
434943870
847227027
827201299
279164915
646193743
297221935
278731397
297503241
529389662
274900613
961140602
1130142614
461415743
1606707434
290491071
295042447
344043541
285391601
943700520
443973472
2428338352
393423487
278865703
275198094
283336909
286971272
278910480
197301304
411810237
1424318740
303073981
289365169
164535414
291481551
293248433
277974521
283402057
302070506
315312536
286976342
1828776000
6512772474
290683189
391736711
296636271
294113586
290399651
275237188
123720714
349522657
296293292
342388774
313485836
291442329
358768111
286577645
289233883
109817708
1359470101
1349271069
610207616
61326247900
569966476
301655093
279230726
279230577
602765685
1750332437
1545157638
523491469
284544538
2452127758
278170252
2430906624
298714808
709812788
467838687
302070402
288927513
274909002
275254267
290394352
278771443
283361926
303666105
280607703
924713156
313323960
278795118
298659944
609907659
313323936
294335843
595903139
301468221
316693851
525115328
149584439
298580636
9562942464
302565624
9093919799
278152163
673718693
704539989
300304235
2667925456
296709350
278746069
541393126
297873334
288383922
694879467
690563065
302908887
182708888
402977363
297333568
296129856
623480347
970050578
383392045
286572544
228764668
742248911
313331758
276149638
417332767
302774195
296878957
6978127273
293123231
302592289
251751454
278771770
344858177
199143464
812550722
291487001
274776405
290491072
393485439
909182254
277004752
289235363
928491686
175346464
105712265
624974991
275253862
279135378
298851052
542408560
543811379
1027904683
297906802
82118644998
288920555
297164004
382823677
279230726
2428338352
313323936
467838687
1027904683
302565624
298580636
9562942464
303666105
279164915
300781420
296636271
298714808
288383922
284109199
278771443
291656095
6512772474
303073981
397581455
2667925456
291487001
302774195
283361926
2295632380
277974521
285982537
175346464
301468221
391736711
602765685
276149638
283402057
284544538
673718693
847227027
297221935
275253862
1750332437
82118644998
278771770
924713156
742248911
609907659
293248433
9093919799
383392045
296293292
291588428
295042447
302070506
297503241
646193743
286971272
278746069
296698765
290491072
290491071
2430906624
286572544
624974991
417332767
610207616
288920555
1554457154
290399651
300304235
1828776000
382823677
316693851
299045246
286577645
285391601
443973472
523491469
465782293
61326247900
342388774
301655093
298795863
302592289
296129856
288927513
909182254
279230577
584788643
296709350
283336909
1359470101
291481551
300589755
2452127758
283702798
434943870
569966476
199143464
704539989
313331758
277004752
182708888
1130142614
293123231
1606707434
107120619
202543010
279135378
1545157638
6596314306
289365169
283320832
411810237
961140602
313351292
623480347
164535414
542408560
297906802
285390393
299233132
274909002
302070402
315264858
302908887
344043541
943700520
109817708
275198094
275254267
290683189
294964081
315312536
251751454
284559924
280607703
123720714
1424318740
297333568
274900613
278795118
82281991619
291442329
296878957
344858177
1349271069
6978127273
294047447
694879467
525115328
461415743
294335843
276837718
228764668
278731397
349522657
970050578
298851052
690563065
928491686
297164004
709812788
543811379
812550722
286976342
313323960
278152163
298659944
529389662
393423487
279133789
313556427
278910480
313485836
149584439
274776405
541393126
297873334
105712265
278865703
289235363
296176383
289233883
380918964
290394352
408010493
197301304
595903139
402977363
393485439
278170252
294113586
827201299
275237188
358768111
461415743
529389662
313556427
1545157638
278170252
294047447
299045246
290394352
6512772474
402977363
313323936
391736711
275237188
525115328
624974991
199143464
302565624
9093919799
279164915
380918964
283361926
296176383
302070402
303073981
313323960
313485836
298795863
175346464
302774195
434943870
290399651
704539989
61326247900
303666105
123720714
417332767
298851052
411810237
1750332437
315264858
288383922
595903139
276149638
295042447
2295632380
285982537
275198094
82118644998
294964081
285390393
924713156
286971272
291442329
970050578
278746069
827201299
296293292
709812788
542408560
1606707434
313331758
289233883
569966476
298659944
283702798
296636271
286976342
290683189
302592289
610207616
316693851
397581455
280607703
1130142614
349522657
290491071
300304235
251751454
300589755
301468221
358768111
296878957
673718693
543811379
294335843
291656095
286572544
274776405
297164004
279230577
296709350
467838687
909182254
284559924
278152163
690563065
289365169
279135378
299233132
961140602
149584439
694879467
6978127273
297221935
277004752
1349271069
296698765
2428338352
275253862
182708888
1359470101
408010493
284544538
443973472
283336909
393485439
342388774
297906802
279133789
602765685
164535414
289235363
344043541
291481551
277974521
228764668
288927513
9562942464
298580636
315312536
646193743
279230726
344858177
6596314306
301655093
291487001
283320832
1027904683
284109199
290491072
383392045
293248433
278771770
82281991619
109817708
293123231
105712265
302070506
283402057
285391601
278795118
943700520
1554457154
276837718
278731397
274909002
297873334
296129856
812550722
300781420
278910480
302908887
393423487
847227027
541393126
294113586
278865703
928491686
107120619
288920555
382823677
523491469
197301304
298714808
1424318740
584788643
297333568
2452127758
291588428
313351292
742248911
1828776000
202543010
275254267
286577645
2667925456
2430906624
297503241
623480347
609907659
465782293
274900613
278771443
290683189
277974521
296636271
284559924
301468221
275198094
291487001
291656095
294113586
275254267
529389662
109817708
6596314306
313351292
288383922
284544538
1828776000
1359470101
279164915
293123231
393485439
290491072
302070402
296698765
286976342
294047447
298659944
434943870
302565624
302592289
283320832
283402057
286577645
297333568
290491071
408010493
812550722
291442329
602765685
286971272
970050578
82118644998
383392045
199143464
285982537
961140602
1130142614
283361926
623480347
302774195
299045246
393423487
298851052
411810237
297906802
296709350
709812788
278771443
2295632380
624974991
279133789
1027904683
928491686
300304235
297164004
313485836
380918964
278910480
1349271069
924713156
349522657
827201299
1554457154
302908887
461415743
2452127758
290394352
290399651
2430906624
9093919799
284109199
278865703
285390393
283336909
294335843
298714808
909182254
275237188
286572544
313556427
275253862
279230726
465782293
149584439
296878957
82281991619
291588428
197301304
541393126
694879467
2428338352
543811379
742248911
610207616
297873334
704539989
542408560
673718693
291481551
609907659
300589755
289235363
279230577
1606707434
297503241
228764668
303073981
280607703
315264858
9562942464
175346464
443973472
6512772474
6978127273
278746069
164535414
289365169
316693851
105712265
690563065
1424318740
295042447
276149638
297221935
251751454
298580636
569966476
278152163
277004752
274909002
313323936
344043541
646193743
523491469
525115328
283702798
315312536
285391601
397581455
1545157638
417332767
293248433
278795118
294964081
202543010
107120619
296129856
943700520
2667925456
274900613
595903139
302070506
279135378
1750332437
278771770
467838687
313331758
301655093
300781420
289233883
382823677
182708888
274776405
358768111
123720714
298795863
288927513
61326247900
313323960
847227027
342388774
276837718
278170252
278731397
296176383
296293292
303666105
391736711
584788643
402977363
299233132
288920555
344858177
300589755
278795118
123720714
1130142614
302592289
278771443
251751454
291656095
569966476
383392045
602765685
1750332437
61326247900
523491469
9093919799
302774195
2452127758
300781420
302908887
694879467
465782293
924713156
274776405
344043541
296878957
542408560
286976342
285390393
289235363
301468221
278746069
742248911
274909002
461415743
391736711
380918964
296698765
298714808
434943870
313331758
278152163
280607703
690563065
303073981
149584439
109817708
673718693
291442329
397581455
279133789
1027904683
313485836
289365169
1424318740
541393126
909182254
298659944
298851052
277004752
443973472
344858177
411810237
303666105
342388774
393485439
812550722
286572544
278910480
624974991
275253862
286971272
358768111
302565624
709812788
293123231
291481551
847227027
275254267
402977363
279135378
316693851
279164915
295042447
382823677
417332767
1349271069
2667925456
175346464
315264858
276837718
2295632380
6512772474
296709350
9562942464
107120619
283336909
283320832
349522657
302070506
6978127273
294335843
296636271
105712265
2428338352
275237188
313323936
623480347
285391601
82118644998
297164004
313323960
302070402
970050578
197301304
827201299
961140602
1545157638
288927513
275198094
289233883
1828776000
284109199
279230726
284544538
291487001
296129856
283361926
297503241
928491686
298795863
315312536
290491072
278771770
943700520
408010493
298580636
284559924
199143464
299045246
529389662
202543010
293248433
288383922
296176383
300304235
525115328
610207616
1359470101
297221935
595903139
164535414
278170252
279230577
704539989
297333568
646193743
290399651
290683189
285982537
290394352
6596314306
283702798
294964081
286577645
278865703
1606707434
301655093
467838687
82281991619
297906802
313351292
291588428
274900613
278731397
290491071
297873334
609907659
182708888
283402057
299233132
584788643
1554457154
294047447
288920555
277974521
276149638
296293292
313556427
543811379
294113586
393423487
2430906624
228764668
284544538
278731397
290394352
302774195
290399651
275198094
293248433
303073981
277974521
289365169
275237188
290491072
286572544
298659944
9562942464
1750332437
285390393
299233132
316693851
542408560
278795118
291656095
107120619
297164004
297333568
274776405
402977363
529389662
302565624
279133789
609907659
109817708
297873334
358768111
847227027
1554457154
296129856
289235363
673718693
286971272
278910480
284559924
411810237
297906802
812550722
408010493
298851052
646193743
584788643
380918964
274909002
296698765
279230726
315264858
602765685
6596314306
300781420
1027904683
624974991
302908887
393485439
278771770
289233883
291487001
443973472
383392045
280607703
1359470101
295042447
595903139
298580636
465782293
704539989
284109199
296293292
278865703
543811379
6978127273
1130142614
105712265
294964081
276149638
623480347
924713156
2295632380
694879467
9093919799
302070402
278771443
300304235
313556427
279230577
278746069
298795863
277004752
909182254
523491469
961140602
275254267
302592289
303666105
313331758
313351292
525115328
182708888
61326247900
286976342
313485836
541393126
301655093
391736711
283402057
288920555
278170252
393423487
288383922
928491686
2452127758
288927513
290491071
313323960
569966476
283361926
291481551
313323936
434943870
279135378
2430906624
149584439
349522657
301468221
123720714
291442329
279164915
251751454
82281991619
294113586
296636271
610207616
2667925456
315312536
1424318740
827201299
1349271069
467838687
285391601
943700520
417332767
202543010
1606707434
164535414
296709350
283320832
278152163
175346464
6512772474
298714808
228764668
290683189
690563065
197301304
461415743
296878957
283336909
296176383
297503241
293123231
1545157638
742248911
382823677
283702798
342388774
275253862
302070506
82118644998
709812788
297221935
300589755
291588428
274900613
344043541
285982537
1828776000
286577645
294335843
299045246
397581455
276837718
294047447
2428338352
970050578
344858177
199143464
2452127758
290399651
82281991619
6512772474
301468221
283361926
928491686
1349271069
228764668
313331758
673718693
283320832
541393126
344043541
383392045
283402057
297503241
297221935
182708888
316693851
278152163
284109199
2430906624
1130142614
961140602
291487001
296176383
313323960
284559924
1424318740
279135378
278910480
297873334
291588428
197301304
1750332437
569966476
277974521
278170252
279164915
467838687
294335843
303666105
279133789
313351292
812550722
690563065
294113586
251751454
847227027
109817708
302565624
1606707434
1545157638
297333568
6596314306
465782293
278865703
2295632380
943700520
6978127273
298659944
9562942464
276837718
525115328
299233132
302070402
297164004
302908887
285982537
303073981
285390393
624974991
275198094
609907659
283336909
1828776000
278771443
296293292
301655093
149584439
274900613
584788643
293123231
286577645
290394352
610207616
358768111
709812788
61326247900
297906802
391736711
289233883
278746069
529389662
288383922
274776405
543811379
275237188
284544538
288920555
461415743
294964081
299045246
397581455
443973472
380918964
924713156
302592289
105712265
1554457154
288927513
298795863
276149638
298580636
289235363
296129856
523491469
278795118
694879467
1359470101
393485439
279230726
82118644998
417332767
107120619
289365169
313485836
742248911
164535414
9093919799
293248433
275254267
295042447
275253862
290491071
274909002
298714808
1027904683
296698765
296636271
278731397
542408560
302070506
291442329
291481551
646193743
286976342
2667925456
283702798
296709350
344858177
279230577
2428338352
434943870
300589755
202543010
294047447
290491072
277004752
300304235
199143464
278771770
291656095
411810237
296878957
285391601
382823677
175346464
286572544
286971272
315264858
313323936
313556427
595903139
402977363
704539989
408010493
393423487
300781420
280607703
349522657
909182254
827201299
315312536
302774195
342388774
602765685
123720714
623480347
298851052
290683189
970050578
303073981
313323936
1359470101
6512772474
275198094
1349271069
123720714
1545157638
467838687
61326247900
584788643
2452127758
623480347
610207616
461415743
294113586
1424318740
284109199
296878957
1750332437
349522657
1606707434
303666105
393423487
82118644998
6978127273
602765685
228764668
315312536
277974521
297873334
541393126
275254267
543811379
286976342
313323960
300304235
284559924
397581455
295042447
278910480
283320832
316693851
313331758
529389662
296709350
298795863
285982537
278152163
300781420
294964081
6596314306
298851052
443973472
646193743
2428338352
525115328
302070506
595903139
278170252
609907659
291656095
2667925456
928491686
943700520
624974991
251751454
275253862
291481551
278746069
298714808
1027904683
279135378
277004752
302565624
175346464
290683189
285390393
465782293
286572544
812550722
298659944
278731397
288383922
297906802
302908887
411810237
694879467
291588428
1828776000
278865703
709812788
290394352
197301304
523491469
107120619
278771770
289233883
284544538
296698765
279133789
293123231
82281991619
283402057
383392045
9093919799
290491072
847227027
299233132
278771443
278795118
291442329
298580636
296176383
391736711
105712265
909182254
297164004
297333568
302070402
924713156
274776405
297503241
299045246
344043541
742248911
149584439
301655093
690563065
569966476
274900613
286577645
296129856
297221935
289365169
288927513
294047447
275237188
283361926
827201299
280607703
164535414
704539989
313556427
402977363
283336909
408010493
970050578
961140602
279230726
382823677
673718693
417332767
302774195
279164915
285391601
301468221
199143464
1554457154
288920555
291487001
300589755
342388774
302592289
313485836
274909002
9562942464
380918964
276149638
182708888
1130142614
279230577
109817708
358768111
290399651
315264858
2295632380
286971272
283702798
2430906624
313351292
393485439
290491071
296293292
289235363
294335843
276837718
542408560
296636271
344858177
434943870
293248433
202543010
1424318740
293248433
164535414
1750332437
284544538
646193743
9093919799
290399651
296293292
624974991
299045246
610207616
278170252
278731397
274900613
461415743
290491072
296878957
275198094
300304235
1554457154
316693851
298659944
294047447
393485439
286572544
294113586
294335843
6596314306
411810237
278795118
275253862
313331758
709812788
286577645
943700520
1606707434
393423487
288383922
961140602
344043541
297164004
569966476
290683189
293123231
298714808
289233883
298795863
434943870
285390393
279230577
105712265
283361926
294964081
9562942464
301655093
296636271
313323960
202543010
301468221
289235363
602765685
300781420
295042447
928491686
274776405
297503241
296698765
279230726
278865703
6978127273
443973472
2295632380
107120619
302070402
909182254
300589755
288927513
277974521
288920555
197301304
279164915
278771443
1545157638
283320832
291487001
296176383
970050578
523491469
296129856
742248911
149584439
313351292
283402057
313323936
694879467
595903139
315264858
109817708
2428338352
541393126
280607703
298851052
61326247900
291588428
278771770
284109199
704539989
302565624
584788643
465782293
286971272
286976342
182708888
397581455
1359470101
1130142614
297221935
542408560
298580636
690563065
2452127758
467838687
313485836
296709350
291481551
251751454
924713156
529389662
303073981
290491071
1828776000
297333568
609907659
285982537
380918964
199143464
278746069
297873334
274909002
123720714
279133789
417332767
275254267
673718693
283702798
382823677
277004752
291656095
402977363
1349271069
283336909
6512772474
543811379
315312536
391736711
82118644998
289365169
299233132
344858177
82281991619
525115328
302908887
2430906624
175346464
291442329
408010493
623480347
2667925456
297906802
302592289
302070506
276837718
349522657
285391601
342388774
302774195
290394352
276149638
278910480
228764668
279135378
358768111
303666105
812550722
284559924
827201299
1027904683
275237188
313556427
383392045
847227027
278152163
313323936
279164915
294964081
297906802
278910480
274909002
1545157638
279230726
2295632380
298659944
197301304
694879467
9562942464
402977363
290399651
286971272
279135378
391736711
300781420
344043541
970050578
411810237
277974521
1027904683
284109199
301468221
673718693
2428338352
288920555
349522657
2452127758
286572544
290683189
6978127273
291588428
382823677
393423487
290491072
283320832
408010493
961140602
82281991619
298795863
302592289
467838687
182708888
284544538
315264858
275198094
602765685
283336909
465782293
289235363
2430906624
443973472
1606707434
542408560
284559924
296698765
812550722
82118644998
297503241
344858177
6596314306
742248911
293248433
283402057
123720714
847227027
393485439
623480347
301655093
358768111
303073981
595903139
297164004
291487001
275253862
690563065
569966476
288383922
704539989
300304235
105712265
610207616
296878957
278152163
279133789
290394352
303666105
290491071
316693851
1359470101
1349271069
278771443
296176383
434943870
924713156
278746069
107120619
296636271
251751454
943700520
286976342
297333568
9093919799
280607703
278795118
543811379
274776405
276149638
294113586
313351292
199143464
279230577
302774195
299045246
313323960
397581455
275237188
529389662
285982537
278865703
296129856
2667925456
294047447
288927513
298580636
298851052
523491469
624974991
294335843
175346464
295042447
417332767
289365169
827201299
109817708
302070402
909182254
383392045
313485836
541393126
299233132
313556427
297221935
274900613
289233883
149584439
278170252
302565624
302070506
302908887
1828776000
315312536
285390393
283702798
291481551
1130142614
1750332437
278731397
276837718
1424318740
928491686
380918964
296709350
61326247900
313331758
275254267
202543010
296293292
646193743
293123231
285391601
298714808
283361926
286577645
6512772474
164535414
525115328
342388774
228764668
709812788
584788643
291656095
461415743
291442329
297873334
277004752
1554457154
278771770
609907659
300589755
541393126
742248911
303666105
2667925456
277974521
1828776000
584788643
461415743
199143464
302070506
296878957
285391601
291481551
529389662
2295632380
286971272
274909002
283320832
9562942464
291487001
6978127273
300589755
197301304
283702798
525115328
294113586
411810237
344043541
278771443
1545157638
1750332437
286976342
109817708
6596314306
847227027
296698765
417332767
602765685
276149638
290394352
928491686
313331758
107120619
297333568
298851052
274900613
943700520
278170252
300304235
313351292
313485836
302592289
279230726
1424318740
408010493
275198094
970050578
315312536
313556427
380918964
467838687
924713156
623480347
704539989
296129856
298714808
275237188
149584439
302774195
1027904683
279135378
296636271
278910480
297221935
297906802
290491072
251751454
284559924
673718693
283336909
302908887
278746069
812550722
646193743
290399651
294335843
295042447
278771770
6512772474
289233883
278731397
297503241
397581455
82281991619
182708888
294964081
382823677
827201299
2428338352
393485439
301655093
402977363
284544538
293248433
286577645
279133789
542408560
313323936
274776405
285390393
1359470101
624974991
300781420
690563065
288920555
391736711
358768111
2452127758
9093919799
277004752
123720714
434943870
279230577
288927513
543811379
175346464
61326247900
313323960
284109199
290491071
610207616
299045246
443973472
1606707434
298795863
315264858
1349271069
296709350
909182254
465782293
285982537
523491469
303073981
1554457154
299233132
293123231
302070402
2430906624
609907659
289235363
296293292
1130142614
105712265
961140602
694879467
316693851
286572544
298659944
383392045
283402057
228764668
595903139
342388774
279164915
289365169
283361926
82118644998
297873334
280607703
393423487
202543010
297164004
288383922
164535414
301468221
344858177
294047447
275254267
278795118
276837718
275253862
298580636
291442329
278152163
349522657
278865703
290683189
291656095
709812788
296176383
302565624
291588428
569966476
382823677
303073981
289233883
358768111
1130142614
443973472
279230577
278152163
296698765
1750332437
290399651
290491071
2452127758
6978127273
302565624
197301304
299233132
380918964
278746069
827201299
300589755
1545157638
543811379
1424318740
279164915
1027904683
313323936
279133789
202543010
595903139
1554457154
690563065
465782293
408010493
296129856
278910480
283702798
909182254
2295632380
344858177
294047447
293248433
313556427
313323960
294964081
274909002
278771443
417332767
298580636
1349271069
290683189
298795863
569966476
289365169
609907659
286572544
290394352
812550722
943700520
313351292
302908887
297906802
316693851
275254267
298714808
290491072
279135378
313331758
297873334
278795118
275253862
313485836
283402057
123720714
278170252
646193743
277974521
286976342
297503241
300304235
2430906624
924713156
164535414
291481551
525115328
289235363
294113586
6512772474
82118644998
286971272
182708888
294335843
301655093
602765685
299045246
9562942464
291588428
623480347
742248911
175346464
315264858
297333568
285982537
293123231
9093919799
284559924
411810237
461415743
391736711
393423487
284544538
297164004
109817708
275237188
302592289
277004752
467838687
1828776000
541393126
296636271
284109199
709812788
283361926
302070402
298851052
584788643
251751454
673718693
2667925456
970050578
6596314306
283320832
283336909
274776405
288383922
296878957
228764668
296176383
402977363
2428338352
1606707434
297221935
523491469
278771770
278731397
296293292
303666105
302070506
302774195
393485439
296709350
61326247900
288920555
961140602
542408560
1359470101
286577645
298659944
107120619
280607703
397581455
300781420
383392045
610207616
199143464
288927513
704539989
928491686
295042447
847227027
278865703
279230726
285390393
291442329
82281991619
105712265
276837718
344043541
285391601
349522657
624974991
149584439
301468221
275198094
291656095
529389662
315312536
342388774
291487001
274900613
276149638
694879467
434943870
251751454
316693851
411810237
290491071
293123231
279133789
2295632380
602765685
294047447
313331758
970050578
105712265
275198094
302774195
296129856
344858177
278865703
542408560
673718693
182708888
313323960
297333568
288383922
228764668
646193743
296698765
276837718
283402057
164535414
595903139
278170252
277004752
298714808
961140602
315312536
434943870
284544538
283320832
1359470101
299233132
297503241
302070506
6512772474
380918964
302908887
278795118
303666105
278771443
909182254
123720714
393485439
294113586
297164004
298795863
290394352
928491686
286572544
1750332437
397581455
543811379
704539989
523491469
313323936
286971272
149584439
2430906624
288920555
569966476
279230577
584788643
295042447
290683189
175346464
279230726
296176383
2452127758
313485836
274900613
383392045
277974521
285982537
278746069
298580636
298659944
275254267
285391601
296293292
82281991619
297906802
294335843
290399651
291481551
275237188
609907659
6596314306
408010493
284559924
291656095
302070402
297873334
283702798
291442329
943700520
344043541
300304235
1545157638
694879467
283336909
296636271
313556427
197301304
61326247900
283361926
315264858
6978127273
443973472
275253862
294964081
417332767
467838687
109817708
1606707434
276149638
300781420
402977363
303073981
289235363
289365169
812550722
278731397
82118644998
296878957
624974991
358768111
274776405
299045246
301655093
202543010
742248911
541393126
291487001
278152163
709812788
1554457154
529389662
9562942464
289233883
1349271069
349522657
2428338352
291588428
298851052
690563065
278910480
313351292
293248433
278771770
288927513
1828776000
286577645
847227027
342388774
286976342
461415743
465782293
1027904683
285390393
279135378
274909002
302565624
382823677
107120619
300589755
827201299
393423487
297221935
290491072
9093919799
1130142614
284109199
1424318740
610207616
391736711
302592289
924713156
525115328
623480347
301468221
280607703
2667925456
199143464
296709350
279164915
300781420
301655093
278910480
623480347
1359470101
274900613
609907659
443973472
1027904683
290683189
1828776000
105712265
297333568
315312536
290491072
123720714
149584439
297873334
302592289
928491686
278771443
164535414
279230577
275237188
286976342
924713156
296698765
275254267
6978127273
285982537
182708888
291588428
279133789
279230726
228764668
344858177
303666105
82281991619
298714808
61326247900
107120619
280607703
293123231
2667925456
175346464
1545157638
285391601
298580636
646193743
6512772474
286971272
313556427
9093919799
465782293
288920555
285390393
584788643
624974991
690563065
313323936
313485836
289365169
288383922
467838687
278746069
383392045
274776405
542408560
288927513
290491071
313351292
283402057
943700520
199143464
569966476
391736711
694879467
1750332437
302774195
251751454
291481551
1606707434
274909002
344043541
812550722
610207616
1349271069
315264858
397581455
411810237
294335843
408010493
286572544
289233883
742248911
358768111
283361926
602765685
297906802
278771770
709812788
295042447
300304235
402977363
289235363
434943870
278731397
302908887
461415743
525115328
301468221
595903139
302565624
284544538
342388774
296293292
302070402
2430906624
303073981
278152163
293248433
277974521
296176383
673718693
529389662
541393126
296636271
294964081
382823677
279164915
291656095
393485439
298659944
299233132
276837718
297164004
294047447
284109199
1554457154
291442329
300589755
417332767
275253862
297221935
276149638
1424318740
297503241
827201299
294113586
197301304
2428338352
278865703
283702798
296878957
523491469
277004752
278170252
298795863
296709350
970050578
6596314306
302070506
9562942464
847227027
284559924
82118644998
202543010
299045246
2295632380
298851052
283320832
543811379
291487001
286577645
316693851
313323960
704539989
109817708
380918964
349522657
290399651
296129856
1130142614
909182254
393423487
290394352
283336909
313331758
275198094
279135378
961140602
278795118
2452127758
970050578
344858177
277974521
276837718
274776405
296129856
300589755
278170252
61326247900
296709350
584788643
284544538
290394352
283336909
290491072
105712265
358768111
294113586
296878957
542408560
286976342
294335843
164535414
293123231
303666105
298580636
1545157638
393423487
342388774
9562942464
2667925456
285391601
297906802
302908887
297221935
288383922
380918964
402977363
297164004
6978127273
315312536
1750332437
690563065
294964081
2295632380
289365169
275254267
742248911
299045246
408010493
82281991619
465782293
279230577
291487001
295042447
279133789
278865703
288920555
443973472
709812788
694879467
1424318740
461415743
296698765
275253862
812550722
286572544
467838687
541393126
391736711
298851052
274900613
529389662
6512772474
313485836
928491686
595903139
313556427
279135378
344043541
278746069
290491071
315264858
302774195
827201299
943700520
293248433
251751454
123720714
276149638
313331758
280607703
525115328
278771770
569966476
397581455
149584439
278731397
704539989
313323960
313351292
301655093
300781420
393485439
1359470101
286971272
277004752
278771443
382823677
1554457154
2452127758
1027904683
1606707434
291656095
909182254
9093919799
289233883
296176383
82118644998
275198094
298659944
543811379
298714808
291588428
274909002
296636271
175346464
182708888
290683189
961140602
434943870
294047447
302070402
284109199
297333568
279230726
288927513
284559924
6596314306
299233132
283361926
283402057
383392045
278910480
291442329
297873334
297503241
199143464
2430906624
2428338352
283702798
107120619
602765685
300304235
289235363
275237188
624974991
197301304
285982537
1349271069
290399651
228764668
646193743
286577645
847227027
301468221
349522657
302592289
202543010
1130142614
278152163
316693851
296293292
623480347
302565624
609907659
285390393
298795863
411810237
302070506
303073981
610207616
278795118
283320832
109817708
1828776000
523491469
673718693
417332767
291481551
924713156
313323936
279164915
278170252
290399651
543811379
299233132
283702798
541393126
417332767
623480347
280607703
293123231
298714808
943700520
349522657
228764668
286971272
288383922
342388774
285982537
290394352
673718693
276149638
298659944
295042447
2667925456
909182254
297503241
285391601
523491469
569966476
251751454
6596314306
303666105
294964081
602765685
704539989
274776405
344858177
847227027
290491071
82118644998
294047447
315264858
275237188
164535414
296129856
278746069
970050578
344043541
303073981
302565624
313351292
924713156
278795118
291588428
293248433
301655093
1750332437
278865703
294335843
199143464
383392045
298580636
434943870
279230726
380918964
279135378
277004752
278731397
284109199
283320832
300589755
283336909
298795863
288920555
61326247900
709812788
275253862
393485439
296698765
313331758
296293292
283361926
283402057
1554457154
742248911
296176383
300781420
1349271069
284559924
812550722
316693851
291481551
313485836
278910480
827201299
286577645
1424318740
595903139
408010493
291442329
291656095
175346464
443973472
542408560
313323960
286572544
467838687
928491686
624974991
690563065
646193743
1828776000
197301304
297221935
313323936
529389662
286976342
300304235
382823677
393423487
584788643
277974521
289365169
302070402
202543010
296636271
105712265
402977363
298851052
296878957
461415743
82281991619
296709350
694879467
123720714
302908887
288927513
301468221
9562942464
278771443
6978127273
284544538
1606707434
9093919799
609907659
274900613
961140602
2295632380
297873334
299045246
285390393
297164004
278771770
391736711
2430906624
1545157638
274909002
109817708
610207616
2452127758
302070506
313556427
1359470101
465782293
525115328
297906802
289235363
279230577
275198094
279164915
294113586
358768111
6512772474
302592289
276837718
278152163
302774195
397581455
289233883
149584439
107120619
315312536
182708888
297333568
291487001
279133789
1130142614
411810237
2428338352
290491072
275254267
290683189
1027904683
294047447
297503241
1359470101
278152163
301468221
294113586
279164915
541393126
302070506
569966476
202543010
277004752
284559924
1130142614
704539989
297221935
383392045
298580636
1828776000
277974521
344858177
812550722
609907659
542408560
275237188
465782293
290491072
284544538
251751454
296698765
623480347
302592289
694879467
283402057
9562942464
290394352
294964081
1424318740
408010493
595903139
302908887
105712265
274900613
297333568
82118644998
288920555
523491469
358768111
6978127273
943700520
467838687
149584439
461415743
197301304
2295632380
298714808
298659944
2428338352
709812788
411810237
397581455
278746069
297873334
289233883
279230726
290491071
296878957
584788643
543811379
391736711
300781420
276837718
313485836
278731397
182708888
296636271
276149638
82281991619
928491686
275198094
610207616
293248433
285982537
313323960
283702798
393485439
393423487
297906802
278795118
274776405
283320832
298851052
315264858
285391601
286971272
342388774
123720714
1349271069
278865703
279230577
1606707434
298795863
291481551
61326247900
303666105
1554457154
278910480
228764668
275254267
313331758
301655093
275253862
303073981
296176383
344043541
296293292
443973472
742248911
909182254
278771443
289365169
109817708
302774195
349522657
624974991
280607703
673718693
529389662
274909002
6596314306
299045246
847227027
1027904683
299233132
2430906624
525115328
291588428
382823677
1750332437
278170252
313323936
286577645
300304235
434943870
199143464
2667925456
175346464
296129856
279133789
302070402
288383922
690563065
9093919799
164535414
290399651
313351292
970050578
827201299
291442329
284109199
1545157638
297164004
2452127758
646193743
291487001
293123231
283361926
602765685
402977363
285390393
290683189
288927513
286572544
107120619
313556427
278771770
6512772474
380918964
417332767
315312536
961140602
316693851
283336909
300589755
294335843
279135378
924713156
296709350
291656095
289235363
302565624
286976342
295042447
286971272
291487001
290394352
274776405
467838687
704539989
315264858
602765685
302592289
278771443
288383922
2667925456
197301304
812550722
297333568
299045246
302070402
274900613
105712265
275254267
275253862
9093919799
297221935
296636271
300589755
2430906624
283402057
397581455
443973472
393423487
278731397
298795863
294047447
344858177
285391601
690563065
123720714
313556427
6978127273
295042447
290399651
301655093
543811379
278910480
624974991
286572544
1359470101
380918964
275237188
202543010
316693851
623480347
294335843
283320832
541393126
109817708
149584439
296878957
924713156
434943870
299233132
284109199
349522657
283361926
827201299
296293292
285390393
391736711
284559924
383392045
278152163
909182254
296698765
584788643
297873334
289235363
523491469
82118644998
175346464
1424318740
1828776000
408010493
2428338352
286577645
297164004
294113586
970050578
673718693
1349271069
275198094
280607703
9562942464
288920555
289365169
382823677
277004752
542408560
709812788
313351292
742248911
298714808
595903139
286976342
279230726
1545157638
278795118
291656095
285982537
344043541
342388774
303073981
278771770
164535414
315312536
107120619
465782293
300304235
278865703
276837718
279164915
525115328
289233883
298851052
2295632380
274909002
291588428
393485439
297503241
529389662
411810237
313331758
290491072
302565624
279133789
279135378
1750332437
847227027
284544538
228764668
2452127758
313485836
298580636
313323960
296129856
358768111
302908887
1554457154
296176383
6512772474
1606707434
296709350
6596314306
288927513
297906802
961140602
646193743
300781420
283336909
313323936
303666105
402977363
302070506
301468221
302774195
417332767
199143464
279230577
694879467
277974521
291481551
278170252
293123231
928491686
278746069
290683189
609907659
82281991619
298659944
276149638
61326247900
251751454
294964081
569966476
1130142614
182708888
610207616
943700520
283702798
1027904683
461415743
290491071
293248433
291442329
296176383
393485439
284544538
623480347
284559924
610207616
543811379
297906802
525115328
284109199
294113586
970050578
303666105
602765685
286976342
302774195
296709350
417332767
402977363
279164915
109817708
285982537
61326247900
285391601
2452127758
302070506
105712265
291656095
298714808
393423487
278746069
298795863
279133789
274909002
380918964
9093919799
285390393
279230726
286577645
302592289
313485836
6978127273
673718693
276837718
1750332437
609907659
291588428
704539989
294047447
294335843
278152163
299045246
827201299
316693851
2667925456
1828776000
276149638
228764668
82118644998
300781420
297221935
302070402
283702798
278910480
383392045
175346464
315312536
313323936
812550722
397581455
1349271069
943700520
123720714
275253862
467838687
1424318740
434943870
690563065
349522657
278771443
391736711
199143464
280607703
275237188
298659944
288927513
164535414
202543010
107120619
624974991
909182254
274900613
149584439
288383922
847227027
278865703
290491071
291487001
294964081
742248911
274776405
961140602
297873334
344043541
301655093
443973472
313556427
290491072
541393126
295042447
2428338352
465782293
694879467
288920555
289365169
1027904683
542408560
290394352
275198094
1359470101
291442329
529389662
313331758
283402057
382823677
709812788
278731397
283320832
358768111
298580636
297164004
584788643
296636271
286971272
924713156
278170252
1545157638
296698765
302908887
315264858
461415743
313351292
523491469
291481551
251751454
286572544
283361926
2295632380
1130142614
6512772474
302565624
296878957
289233883
296293292
290399651
2430906624
293123231
300304235
6596314306
300589755
275254267
279135378
297503241
197301304
299233132
278771770
928491686
290683189
301468221
411810237
297333568
408010493
82281991619
283336909
1554457154
293248433
278795118
277004752
296129856
289235363
9562942464
313323960
342388774
182708888
279230577
298851052
1606707434
303073981
344858177
569966476
646193743
595903139
277974521
590944957
1415241704
967232786
167475374
1564725285
1505870462
146545366
1070793890
1562631517
1712131556
965458980
382824896
13717855063
476282753
1150495761
8218773236
9093919799
170148321
148968229
2504442504
1265291452
137414817
2921066922
1186654930
330303686
130061276
1187179024
1007867409
161864660
972299740
302070402
864884476
1415239709
1675843532
1267123240
2523125495
1530990606
1760906687
132664166
2962173949
149627966
1543284008
973520629
1230737417
172161045
135670600
2582751546
199143464
1180434060
1189658078
164535414
202543010
1164702325
107120619
1168165809
176683259
997893588
961140602
133210943
101314937
1956857230
128858793
967252983
1000403628
2366960397
495051170
132372505
137432481
1413081813
843282696
955672327
1162668365
1169984825
144806144
1190148344
1563787482
174456757
161166451
150823125
1419746738
1176866408
123870047
1113969210
1434103367
2902551437
674563608
131406553
908781204
975946371
136359007
506801991
948576466
1539507934
2337757249
1504249083
1168189648
1117204760
9562942464
2441710109
1037711610
1508572165
3050774766
1147157894
1415241704
967232786
167475374
1564725285
1505870462
146545366
1070793890
1562631517
1712131556
965458980
382824896
13717855063
476282753
1150495761
8218773236
9093919799
170148321
148968229
2504442504
1265291452
137414817
2921066922
1186654930
330303686
130061276
1187179024
1007867409
161864660
972299740
864884476
1415239709
1675843532
1267123240
2523125495
1530990606
1760906687
132664166
2962173949
149627966
1543284008
973520629
1230737417
172161045
135670600
2582751546
199143464
1180434060
1189658078
164535414
202543010
1164702325
107120619
1168165809
176683259
997893588
961140602
133210943
101314937
1956857230
128858793
967252983
1000403628
2366960397
495051170
132372505
137432481
1413081813
843282696
955672327
1162668365
1169984825
144806144
1190148344
1563787482
174456757
161166451
150823125
1419746738
1176866408
123870047
1113969210
1434103367
2902551437
674563608
131406553
908781204
293248433
975946371
136359007
506801991
948576466
1539507934
2337757249
1504249083
1168189648
1117204760
9562942464
2441710109
1037711610
1508572165
3050774766
1147157894
1415241704
967232786
167475374
1564725285
1505870462
146545366
1070793890
1562631517
1712131556
965458980
382824896
13717855063
476282753
1150495761
8218773236
9093919799
170148321
148968229
2504442504
1265291452
137414817
2921066922
1186654930
330303686
130061276
1187179024
1007867409
161864660
972299740
864884476
1415239709
1675843532
1267123240
2523125495
1530990606
313323936
1760906687
132664166
2962173949
149627966
1543284008
973520629
1230737417
172161045
135670600
2582751546
199143464
1180434060
1189658078
164535414
202543010
1164702325
107120619
1168165809
176683259
997893588
961140602
133210943
101314937
1956857230
128858793
967252983
1000403628
2366960397
495051170
132372505
137432481
1413081813
843282696
955672327
1162668365
1169984825
144806144
1190148344
1563787482
174456757
161166451
150823125
1419746738
1176866408
123870047
1113969210
1434103367
2902551437
674563608
131406553
908781204
975946371
136359007
506801991
948576466
1539507934
2337757249
1504249083
1168189648
1117204760
9562942464
2441710109
1037711610
1508572165
3050774766
1147157894
202543010
107120619
199143464
200559524
9093919799
9562942464
164535414
590944957
1415241704
967232786
167475374
1564725285
1505870462
146545366
1070793890
1562631517
1712131556
965458980
382824896
13717855063
476282753
1150495761
8218773236
9093919799
170148321
148968229
2504442504
1265291452
137414817
2921066922
1186654930
330303686
130061276
1187179024
1007867409
161864660
972299740
864884476
1415239709
1675843532
1267123240
2523125495
1530990606
1760906687
132664166
2962173949
149627966
1543284008
973520629
1230737417
172161045
135670600
2582751546
199143464
1180434060
1189658078
164535414
202543010
1164702325
107120619
1168165809
176683259
997893588
961140602
133210943
101314937
1956857230
128858793
967252983
1000403628
2366960397
495051170
132372505
137432481
1413081813
843282696
955672327
1162668365
1169984825
144806144
1190148344
286971272
1563787482
174456757
161166451
150823125
1419746738
1176866408
123870047
1113969210
1434103367
2902551437
674563608
131406553
908781204
975946371
136359007
506801991
948576466
1539507934
2337757249
1504249083
1168189648
1117204760
9562942464
2441710109
1037711610
1508572165
3050774766
1147157894
2260497287
152259621
926249640
346622844
1900812761
2238475947
2560270957
2537686997
5785954032
174008227
2157477822
2615992304
137950861
2287885206
9562942464
2183690207
845491513
2567998580
2560267326
2587146023
2608632446
590944957
832321156
1359691246
1072013210
459332489
1203826313
375536016
427652940
434328680
432732782
375304269
435386345
739348848
407509088
514646742
6214412590
426729090
380822393
1360864929
2282974674
449632609
428614685
374614545
531789378
874607995
919280250
378451303
89774721046
100116482
426724082
474324520
495442553
993662815
464419019
773873118
406991416
422448934
476282753
429852811
416384312
9093919799
421748454
448288094
381538946
422043509
376444300
433987649
1029994607
378578214
609907659
574720344
510412692
1042014541
836317567
440260348
468024913
468939626
518968511
893833504
846534682
432125914
375083068
329043664
985312117
668110758
770873822
1113050086
399637544
378521210
497817938
473424849
902116826
368450329
403269390
1371384185
377973726
440581351
875949293
428985160
835696336
375892183
1036488014
814717255
443178458
377956491
375304279
199143464
663846407
1490149719
383242617
350887002
422039176
164535414
202543010
107120619
360467183
397231538
511002169
526754214
417163480
809117555
432732392
378538014
475503150
415107769
873625637
781699133
402368942
837201978
407508726
785969418
421680094
432711241
426746702
961140602
741105621
955668837
695342600
602161319
495401637
1467668387
718142308
626924677
2466024406
510415182
444867022
468227813
441823684
498010203
469459032
436012280
434560389
376828309
397419305
516616301
848563491
476717839
907730814
1466242975
291169065
122474838
510441614
380671197
381662933
623851270
474644888
428910844
439310306
450223634
1242148980
940244692
645728775
448293721
397717253
426958452
376827521
432060123
353164268
323185751
1062756211
463123050
468228716
404457242
375224621
1600973305
275130086
471484129
165301394
432101297
422846960
2574243152
329929458
2801991060
417473832
1051667395
353656340
394635349
511001850
375536266
920419475
1379100212
393953242
9562942464
463553856
1573456260
492365041
411135885
136370823
1044534052
382359029
427280224
497749851
398089458
569966476
690354450
9562942464
1415241704
967232786
167475374
1564725285
1505870462
146545366
1070793890
1562631517
1712131556
965458980
382824896
13717855063
476282753
1150495761
8218773236
9093919799
170148321
148968229
2504442504
1265291452
137414817
2921066922
1186654930
330303686
130061276
1187179024
1007867409
161864660
972299740
864884476
1415239709
1675843532
1267123240
2523125495
1530990606
1760906687
132664166
2962173949
149627966
1543284008
973520629
1230737417
172161045
135670600
2582751546
199143464
1180434060
1189658078
164535414
202543010
1164702325
107120619
1168165809
176683259
997893588
961140602
133210943
101314937
1956857230
128858793
967252983
1000403628
2366960397
495051170
289365169
132372505
137432481
1413081813
843282696
955672327
1162668365
1169984825
144806144
1190148344
1563787482
174456757
161166451
150823125
1419746738
1176866408
123870047
1113969210
1434103367
2902551437
674563608
131406553
908781204
975946371
136359007
506801991
948576466
1539507934
2337757249
1504249083
1168189648
1117204760
9562942464
2441710109
1037711610
1508572165
3050774766
1147157894
590944957
69085367910
1415241704
967232786
167475374
1564725285
1505870462
146545366
1070793890
1562631517
1712131556
965458980
382824896
13717855063
476282753
1150495761
8218773236
9093919799
170148321
148968229
2504442504
1265291452
137414817
2921066922
1186654930
330303686
130061276
1187179024
1007867409
161864660
972299740
864884476
1415239709
1675843532
1267123240
2523125495
1530990606
1760906687
132664166
2962173949
149627966
1543284008
973520629
1230737417
172161045
135670600
2582751546
199143464
1180434060
1189658078
164535414
202543010
1164702325
107120619
1168165809
176683259
997893588
961140602
133210943
101314937
1956857230
128858793
967252983
1000403628
2366960397
495051170
132372505
137432481
1413081813
843282696
955672327
1162668365
1169984825
144806144
1190148344
1563787482
174456757
161166451
150823125
1419746738
1176866408
123870047
1113969210
1434103367
2902551437
674563608
131406553
908781204
975946371
136359007
506801991
948576466
1539507934
289235363
2337757249
1504249083
1168189648
1117204760
9562942464
2441710109
1037711610
1508572165
3050774766
1147157894
1415241704
967232786
167475374
1564725285
1505870462
146545366
1070793890
1562631517
1712131556
965458980
382824896
13717855063
476282753
1150495761
8218773236
9093919799
170148321
148968229
2504442504
1265291452
137414817
2921066922
1186654930
330303686
130061276
1187179024
1007867409
161864660
972299740
864884476
1415239709
1675843532
1267123240
2523125495
1530990606
1760906687
132664166
2962173949
149627966
1543284008
973520629
1230737417
172161045
135670600
2582751546
199143464
1180434060
1189658078
164535414
202543010
1164702325
107120619
1168165809
176683259
997893588
961140602
133210943
101314937
1956857230
128858793
967252983
1000403628
2366960397
495051170
132372505
137432481
1413081813
843282696
955672327
1162668365
1169984825
144806144
1190148344
1563787482
174456757
161166451
150823125
1419746738
1176866408
123870047
1113969210
1434103367
2902551437
674563608
131406553
290683189
908781204
975946371
136359007
506801991
948576466
1539507934
2337757249
1504249083
1168189648
1117204760
9562942464
2441710109
1037711610
1508572165
3050774766
1147157894
1415241704
967232786
167475374
1564725285
1505870462
146545366
1070793890
1562631517
1712131556
965458980
382824896
13717855063
476282753
1150495761
8218773236
9093919799
170148321
148968229
2504442504
1265291452
137414817
2921066922
1186654930
330303686
130061276
1187179024
1007867409
161864660
972299740
864884476
1415239709
1675843532
1267123240
2523125495
1530990606
1760906687
132664166
2962173949
149627966
1543284008
973520629
1230737417
172161045
135670600
2582751546
199143464
1180434060
1189658078
164535414
202543010
1164702325
107120619
1168165809
176683259
997893588
961140602
133210943
101314937
1956857230
128858793
967252983
1000403628
2366960397
495051170
132372505
137432481
1413081813
843282696
955672327
1162668365
1169984825
144806144
1190148344
296698765
1563787482
174456757
161166451
150823125
1419746738
1176866408
123870047
1113969210
1434103367
2902551437
674563608
131406553
908781204
975946371
136359007
506801991
948576466
1539507934
2337757249
1504249083
1168189648
1117204760
9562942464
2441710109
1037711610
1508572165
3050774766
1147157894
52298952612
1473779689
627041570
2157477822
2208934451
2158166535
2576482356
1363250216
1446261379
661125650
843771998
555826078
9562942464
45720953454
505238859
845491513
2079334286
1415241704
967232786
167475374
1564725285
1505870462
146545366
1070793890
1562631517
1712131556
965458980
382824896
13717855063
476282753
1150495761
8218773236
9093919799
170148321
148968229
2504442504
1265291452
137414817
2921066922
1186654930
330303686
130061276
1187179024
1007867409
161864660
972299740
864884476
1415239709
1675843532
1267123240
2523125495
1530990606
1760906687
132664166
2962173949
149627966
1543284008
973520629
1230737417
172161045
135670600
2582751546
199143464
1180434060
1189658078
164535414
202543010
1164702325
107120619
1168165809
291487001
176683259
997893588
961140602
133210943
101314937
1956857230
128858793
967252983
1000403628
2366960397
495051170
132372505
137432481
1413081813
843282696
955672327
1162668365
1169984825
144806144
1190148344
1563787482
174456757
161166451
150823125
1419746738
1176866408
123870047
1113969210
1434103367
2902551437
674563608
131406553
908781204
975946371
136359007
506801991
948576466
1539507934
2337757249
1504249083
1168189648
1117204760
9562942464
2441710109
1037711610
1508572165
3050774766
1147157894
1415241704
967232786
167475374
1564725285
1505870462
146545366
1070793890
1562631517
1712131556
965458980
382824896
13717855063
476282753
1150495761
8218773236
9093919799
170148321
148968229
2504442504
1265291452
137414817
2921066922
1186654930
330303686
130061276
1187179024
1007867409
161864660
972299740
864884476
1415239709
1675843532
1267123240
2523125495
1530990606
1760906687
132664166
2962173949
149627966
1543284008
973520629
1230737417
172161045
135670600
2582751546
199143464
1180434060
1189658078
164535414
202543010
1164702325
107120619
1168165809
176683259
997893588
961140602
133210943
101314937
1956857230
128858793
967252983
1000403628
2366960397
495051170
132372505
137432481
1413081813
843282696
955672327
1162668365
1169984825
144806144
1190148344
1563787482
174456757
161166451
150823125
1419746738
1176866408
123870047
1113969210
1434103367
2902551437
674563608
131406553
908781204
975946371
136359007
506801991
948576466
1539507934
2337757249
1504249083
1168189648
1117204760
9562942464
2441710109
298851052
1037711610
1508572165
3050774766
1147157894
9562942464
1415241704
967232786
167475374
1564725285
1505870462
146545366
1070793890
1562631517
1712131556
965458980
382824896
13717855063
476282753
1150495761
8218773236
9093919799
170148321
148968229
2504442504
1265291452
137414817
2921066922
1186654930
330303686
130061276
1187179024
1007867409
161864660
972299740
864884476
1415239709
1675843532
1267123240
2523125495
1530990606
1760906687
132664166
2962173949
149627966
1543284008
973520629
1230737417
172161045
135670600
2582751546
199143464
1180434060
1189658078
164535414
202543010
1164702325
107120619
1168165809
176683259
997893588
961140602
133210943
101314937
313556427
1956857230
128858793
967252983
1000403628
2366960397
495051170
132372505
137432481
1413081813
843282696
955672327
1162668365
1169984825
144806144
1190148344
1563787482
174456757
161166451
150823125
1419746738
1176866408
123870047
1113969210
1434103367
2902551437
674563608
131406553
908781204
975946371
136359007
506801991
948576466
1539507934
2337757249
1504249083
1168189648
1117204760
9562942464
2441710109
1037711610
1508572165
3050774766
1147157894
667644866
2345947329
2361744534
2342321734
2157477822
1358147911
1597183981
792223507
1706819167
2352310242
648687136
2321193376
845491513
9562942464
505238859
1528001383
650491308
1415241704
967232786
167475374
1564725285
1505870462
146545366
1070793890
1562631517
1712131556
965458980
382824896
13717855063
476282753
1150495761
8218773236
9093919799
170148321
148968229
2504442504
1265291452
137414817
2921066922
1186654930
330303686
130061276
1187179024
1007867409
161864660
972299740
864884476
1415239709
1675843532
1267123240
2523125495
1530990606
1760906687
132664166
2962173949
149627966
1543284008
973520629
1230737417
172161045
135670600
2582751546
199143464
1180434060
1189658078
164535414
202543010
1164702325
107120619
274900613
1168165809
176683259
997893588
961140602
133210943
101314937
1956857230
128858793
967252983
1000403628
2366960397
495051170
132372505
137432481
1413081813
843282696
955672327
1162668365
1169984825
144806144
1190148344
1563787482
174456757
161166451
150823125
1419746738
1176866408
123870047
1113969210
1434103367
2902551437
674563608
131406553
908781204
975946371
136359007
506801991
948576466
1539507934
2337757249
1504249083
1168189648
1117204760
9562942464
2441710109
1037711610
1508572165
3050774766
1147157894
590944957
1415241704
967232786
167475374
1564725285
1505870462
146545366
1070793890
1562631517
1712131556
965458980
382824896
13717855063
476282753
1150495761
8218773236
9093919799
170148321
148968229
2504442504
1265291452
137414817
2921066922
1186654930
330303686
130061276
1187179024
1007867409
161864660
972299740
864884476
1415239709
1675843532
1267123240
2523125495
1530990606
1760906687
132664166
2962173949
149627966
1543284008
973520629
1230737417
172161045
135670600
2582751546
199143464
1180434060
1189658078
164535414
202543010
1164702325
107120619
1168165809
176683259
997893588
961140602
133210943
101314937
1956857230
128858793
967252983
1000403628
2366960397
495051170
132372505
137432481
1413081813
843282696
955672327
1162668365
1169984825
144806144
1190148344
1563787482
174456757
161166451
150823125
1419746738
1176866408
123870047
1113969210
1434103367
2902551437
674563608
131406553
300589755
908781204
975946371
136359007
506801991
948576466
1539507934
2337757249
1504249083
1168189648
1117204760
9562942464
2441710109
1037711610
1508572165
3050774766
1147157894
590944957
2246278149
2246254601
2246266718
2246274141
2246327102
2246388258
2246272646
2246236190
2246269560
2246288374
152224729
2246213019
2246231372
2246328621
2246252245
2246278288
2246361917
2246273382
2246359136
2246468998
2249435322
2246286158
2246308295
2246245122
130312943
2246281969
2246341864
2249733307
2246288343
2246296642
199143464
2250539779
9093919799
2246238254
2246248822
2246261760
9562942464
2246345599
2817680968
2246304938
164535414
202543010
107120619
181310626
2246265705
2246343553
2246340852
136602197
2246370522
2246247473
185069300
2246217430
590944957
1415241704
967232786
167475374
1564725285
1505870462
146545366
1070793890
1562631517
284109199
1712131556
965458980
382824896
13717855063
476282753
1150495761
8218773236
9093919799
170148321
148968229
2504442504
1265291452
137414817
2921066922
1186654930
330303686
130061276
1187179024
1007867409
161864660
972299740
864884476
1415239709
1675843532
1267123240
2523125495
1530990606
1760906687
132664166
2962173949
149627966
1543284008
973520629
1230737417
172161045
135670600
2582751546
199143464
1180434060
1189658078
164535414
202543010
1164702325
107120619
1168165809
176683259
997893588
961140602
133210943
101314937
1956857230
128858793
967252983
1000403628
2366960397
495051170
132372505
137432481
1413081813
843282696
955672327
1162668365
1169984825
144806144
1190148344
1563787482
174456757
161166451
150823125
1419746738
1176866408
123870047
1113969210
1434103367
2902551437
674563608
131406553
908781204
975946371
136359007
506801991
948576466
1539507934
2337757249
1504249083
1168189648
1117204760
9562942464
2441710109
1037711610
1508572165
3050774766
1147157894
9562942464
175703212
191081296
204186368
142936875
92845768864
207567243
210530789
191224517
196820330
226520271
227108074
199033269
178117530
189157130
164851810
160321605
182225776
190694285
192513473
213744501
214831520
192367358
9093919799
195434010
219448411
181310626
216383165
224115008
164817359
191549222
189552303
173664799
188609666
219324451
187665342
218002236
156563816
195380271
180898031
191700507
160373183
217924997
202466934
187420676
201662304
129823649
164761153
192054751
153834503
222784514
181684418
128735086
197357708
199143464
191223699
845491513
196699670
164535414
202543010
107120619
194338999
196701059
190838143
188293788
188263864
194764978
192267784
192877384
152224729
102281068
185274543
194166308
199267599
164542482
193637966
190145808
180686513
200630667
189302072
186075166
188057372
152973994
205548530
208826324
127265178
197700831
150775201
220377445
194774093
139381955
200559524
201446242
188617110
192202182
224619235
197555419
222482517
194292974
194158709
193643639
204868602
157773355
193244866
9562942464
221272589
204748408
221911803
197118487
215210133
151385367
167319520
590944957
590944957
590944957
590944957
2589852362
2626255103
404701630
2157477822
2563780504
2624335616
2617820253
689816226
520162740
164799715
151210906
2622131925
2354874232
9562942464
157526587
845491513
2555762374
590944957
1415241704
967232786
167475374
1564725285
1505870462
146545366
1070793890
1562631517
1712131556
965458980
382824896
13717855063
476282753
1150495761
8218773236
9093919799
170148321
148968229
2504442504
1265291452
137414817
2921066922
1186654930
330303686
130061276
1187179024
1007867409
161864660
972299740
864884476
1415239709
1675843532
1267123240
2523125495
1530990606
1760906687
132664166
2962173949
149627966
1543284008
973520629
1230737417
172161045
135670600
2582751546
199143464
1180434060
1189658078
164535414
202543010
1164702325
107120619
1168165809
176683259
997893588
961140602
133210943
101314937
1956857230
128858793
967252983
1000403628
2366960397
495051170
290394352
132372505
137432481
1413081813
843282696
955672327
1162668365
1169984825
144806144
1190148344
1563787482
174456757
161166451
150823125
1419746738
1176866408
123870047
1113969210
1434103367
2902551437
674563608
131406553
908781204
975946371
136359007
506801991
948576466
1539507934
2337757249
1504249083
1168189648
1117204760
9562942464
2441710109
1037711610
1508572165
3050774766
1147157894
1415241704
967232786
167475374
1564725285
1505870462
146545366
1070793890
1562631517
1712131556
965458980
382824896
13717855063
476282753
1150495761
8218773236
9093919799
170148321
148968229
2504442504
1265291452
137414817
2921066922
1186654930
330303686
130061276
1187179024
1007867409
161864660
972299740
864884476
1415239709
1675843532
1267123240
2523125495
1530990606
1760906687
132664166
2962173949
149627966
1543284008
973520629
1230737417
172161045
135670600
2582751546
199143464
1180434060
1189658078
164535414
202543010
1164702325
107120619
1168165809
176683259
997893588
961140602
133210943
101314937
1956857230
128858793
967252983
1000403628
2366960397
495051170
132372505
137432481
1413081813
843282696
955672327
1162668365
1169984825
144806144
1190148344
298580636
1563787482
174456757
161166451
150823125
1419746738
1176866408
123870047
1113969210
1434103367
2902551437
674563608
131406553
908781204
975946371
136359007
506801991
948576466
1539507934
2337757249
1504249083
1168189648
1117204760
9562942464
2441710109
1037711610
1508572165
3050774766
1147157894
1415241704
967232786
167475374
1564725285
1505870462
146545366
1070793890
1562631517
1712131556
965458980
382824896
13717855063
476282753
1150495761
8218773236
9093919799
170148321
148968229
279230726
2504442504
1265291452
137414817
2921066922
1186654930
330303686
130061276
1187179024
1007867409
161864660
972299740
864884476
1415239709
1675843532
1267123240
2523125495
1530990606
1760906687
132664166
2962173949
149627966
1543284008
973520629
1230737417
172161045
135670600
2582751546
199143464
1180434060
1189658078
164535414
202543010
1164702325
107120619
1168165809
176683259
997893588
961140602
133210943
101314937
1956857230
128858793
967252983
1000403628
2366960397
495051170
132372505
137432481
1413081813
843282696
955672327
1162668365
1169984825
144806144
1190148344
1563787482
174456757
161166451
150823125
1419746738
1176866408
123870047
1113969210
1434103367
2902551437
674563608
131406553
908781204
975946371
136359007
506801991
948576466
1539507934
2337757249
1504249083
1168189648
1117204760
9562942464
2441710109
1037711610
1508572165
3050774766
1147157894
190021373
190965400
190309273
331090407
190826124
190965497
190793259
190701185
330762581
330624219
329066688
190675090
190694375
190697891
328127474
190856215
329409189
330242971
190694876
190160370
190705968
330256507
190289146
329885211
190833118
331055682
330266766
330600807
331111320
329083867
190410587
190561499
330312889
190554449
190956578
190573768
190680493
189901120
329857789
329385528
330304796
9093919799
345413339
9562942464
190684516
535104266
190417860
190941188
190314278
190680546
190801033
330298667
190540108
328587826
590944957
1415241704
967232786
167475374
1564725285
1505870462
146545366
1070793890
1562631517
1712131556
965458980
382824896
13717855063
476282753
1150495761
8218773236
9093919799
170148321
148968229
2504442504
1265291452
137414817
2921066922
1186654930
330303686
130061276
1187179024
1007867409
161864660
972299740
864884476
1415239709
1675843532
1267123240
2523125495
1530990606
1760906687
132664166
2962173949
149627966
1543284008
973520629
1230737417
172161045
135670600
2582751546
199143464
1180434060
1189658078
164535414
202543010
1164702325
107120619
1168165809
176683259
997893588
961140602
133210943
101314937
1956857230
128858793
967252983
1000403628
2366960397
495051170
132372505
137432481
1413081813
843282696
955672327
1162668365
1169984825
144806144
1190148344
296636271
1563787482
174456757
161166451
150823125
1419746738
1176866408
123870047
1113969210
1434103367
2902551437
674563608
131406553
908781204
975946371
136359007
506801991
948576466
1539507934
2337757249
1504249083
1168189648
1117204760
9562942464
2441710109
1037711610
1508572165
3050774766
1147157894
1485248193
1485248553
1485249262
1485250283
1485250719
676021050
1485248856
1553221684
1485246285
202543010
107120619
961140602
199143464
9093919799
9562942464
164535414
2517753454
745640259
404701630
113894432
127526729
2378731382
2326337223
1346742081
2545479945
1347964502
2157477822
2175606936
1588315198
2250287733
9562942464
2309200993
165917508
845491513
1682183756
121372275
2459093032
2391542403
9562942464
1592298962
2497201655
2455949651
2248570031
2429710354
113329464
2565708995
2505928032
2455296678
492298664
1642432242
160741778
2498832884
2511802788
2157477822
1642638514
2511811355
9562942464
845491513
2504993947
2461253191
2496035411
112934405
1415241704
967232786
167475374
1564725285
1505870462
146545366
1070793890
1562631517
1712131556
965458980
382824896
13717855063
476282753
1150495761
8218773236
9093919799
170148321
148968229
2504442504
1265291452
137414817
2921066922
1186654930
330303686
276837718
130061276
1187179024
1007867409
161864660
972299740
864884476
1415239709
1675843532
1267123240
2523125495
1530990606
1760906687
132664166
2962173949
149627966
1543284008
973520629
1230737417
172161045
135670600
2582751546
199143464
1180434060
1189658078
164535414
202543010
1164702325
107120619
1168165809
176683259
997893588
961140602
133210943
101314937
1956857230
128858793
967252983
1000403628
2366960397
495051170
132372505
137432481
1413081813
843282696
955672327
1162668365
1169984825
144806144
1190148344
1563787482
174456757
161166451
150823125
1419746738
1176866408
123870047
1113969210
1434103367
2902551437
674563608
131406553
908781204
975946371
136359007
506801991
948576466
1539507934
2337757249
1504249083
1168189648
1117204760
9562942464
2441710109
1037711610
1508572165
3050774766
1147157894
